%00000000
00010000
00100001
00110010
00010010
00100100
00110001
00010010
00100100
00110000
00010000
00101111
11100000
%00010000
00010000
00100010
00110010
00010010
00101011
00110001
00010010
00101011
00110000
00010000
00101111
11100000
%00100000
00010000
00100011
00110010
00010011
00100100
00110001
00010011
00100100
00110000
00010000
00101111
11100000
%00110000
00010000
00100100
00110010
00010011
00101011
00110001
00010011
00101011
00110000
00010000
00101111
11100000
%01000000
00010000
00100101
00110010
00011010
00100010
00110001
00011010
00100010
00110000
00010000
00101111
11100000
%01010000
00010000
00100110
00110010
00011010
00101101
00110001
00011010
00101101
00110000
00010000
00101111
11100000
%01100000
00010000
00100111
00110010
00011011
00101100
00110001
00011011
00100011
00110000
00010000
00101111
11100000
%11110000
11010000
01000001
01100000
10100110
00100001
10101101
00010000
00100001
01010000
00110000
00010000
00100001
10100000
01000010
00010000
11100000
