%00000000
00010001
00100000
00110001
00010000
00100001
00110000
00100000
00110010
00100000
00110011
00100000
00110100
00100001
11100000
%00010000
00101111
00111111
00100000
00111110
00100010
00111101
00011111
00101111
00111100
00010000
00100010
11100000
%00100000
11010100
01000010
01010000
00010000
00110010
01010011
00110100
01000000
01011110
00111110
01101111
10100000
00100000
00111110
00100011
11100000
%00110000
11010100
01000011
01010001
00100000
00110011
01010010
00110100
01000000
01011110
00111110
01101111
10100000
00100000
00111110
00100100
11100000
%01000000
11010100
01000010
01100000
00010000
00110010
01010011
00110100
01000000
01011110
00111110
01101111
10100000
00100000
00111110
00100101
11100000
%01010000
11010100
01000011
01100001
00100000
00110011
01010010
00110100
01000000
01011110
00111110
01101111
10100000
00100000
00111110
00100110
11100000
%01100000
00100111
11100000
01001111
01101101
00111111
01101100
10101110
00010000
00101111
00111111
00100000
00110010
00110011
00110100
00100010
11100000
%01110000
01000010
01010000
00010000
00110010
00100000
01000011
01010001
00100000
00110011
01010010
00110100
00010000
00100110
11100010
